78 0000111101000000
79 1000100010011111
80 0000010100011111
81 0000100100011111
82 0000010000111111
83 1100100000000000
84 0010001100000001
85 0001100100000001
86 0011101111000001
87 1100010000000000
88 1100100000000000
89 1100010000000000
90 1100100000000000
91 1100010000000000
92 1100100000000000
93 1100010000000000
94 1100100000000000
95 1100010000000000
96 1100100000000000
97 1100010000000000
98 1100100000000000
99 1100010000000000
100 1100100000000000
101 0000000000000000
119 0000111100000001
120 0110011111000111
121 0000101111011101
122 0000110000011111
123 0001100000000001
124 0000100011011110
125 0000110100000001
126 0110010111001010
127 0000011011011110
128 0000100111011111
129 1100010000000000
130 0000100011111111
131 0100100010000000 
132 0010101100010001 
133 0001100100000001
134 0010110011111101
017 0000000000000000
135 0000110010000001
136 0000110100000001
137 0110010111001010
138 0000111000000001
139 0000101011011010
140 0000101011011001
141 0000100011011011
142 0000100111011100
143 0000011011111011
144 0000011111111100
145 0000110000011111
146 0001100000000001
147 0100100011000000
148 0010101100101111
149 0000010011011001
150 0000110100000110
151 0100100001000000
152 0010101100110000
153 0000010000010001
154 0100100010000000
155 0010101100101010
156 0000110000011111
157 0001100000000001
158 0000011011111011
159 0100100010000000
160 0010101100101011
161 0100101011000000
162 0010101100101100
163 0010110000101101
780 0000010011011001
781 0001100000000001
782 0000100011011001
783 0000110000000001
784 0000100011011010
785 0010110000101101
813 0000010011011010
814 0001100000000001
815 0000100011011010
816 0000010011011011
817 0001100000000001
818 0000100011011011
819 0010110000110010
840 0000010111011100
841 0001100100000001
842 0000100111011100
843 0000010011011011
844 0001100000000001
845 0000100011011011
846 0010110000110010
870 0000010011011011
871 0001100000000001
872 0000100011011011
873 0000110100000001
874 0110010111001010
875 0000100111011100
876 0010110000110010
750 0000110000011111
751 0001100000000001
752 0100100010000000
753 0010101100110011
754 0000010000010001
755 0100100010000000
756 0010101100110011
757 0011010000101101
715 0000000000000000
700 0000000000000000