62 0000110000011111
63 0001100000000001
64 0000100000011010
65 1000010001011010
66 0000110100010100
67 0000111001000001
10 1100010000000000
69 1100100000000000
70 0000101001000000
71 0000100001100000
72 0001101000000001
73 0001110100000001
74 0010010100001010
75 0000101101010111
76 0000110100000000
77 0000100101011000
78 0000100101011001
79 0000100101011010
80 0000100101011011
81 0000110101000000
82 0000100101011011
83 0000110000010100
84 0000100001011100
12 0000000000000000
86 1100010000000000
87 0000100001011001
11 0000010101011100
104 0010000100001100
105 0000011001011100
89 0001111000000001
90 0000101001011100
91 0000011101011011
92 0001101100000001
93 0000101101011011
107 0000010001011001
94 0001010001111011
95 0000100001011010
96 0000011001010111
97 0100010010000000
98 0010010000001011
99 0000011001011010
100 0000101001010111
101 0000011001111011
102 0000101001011000
103 1100101000000001
106 0010010100001011
