X1=350
X2=LENGTH
X3=80
10 : 780
11 : 810
12 : 840
13 : 870
14 : 950
15 : 750
16 : 


135 0000010011000000
136 0000110100000001
137 0110010111001010
138 0000111000000000
139 0000101011011010
140 0000101011011001
//P2_SEARCH
141 0000100011011011
142 0000100111011100
143 0000011011111011
144 0000011111111100

145 0000110000011111
146 0001100000000001
147 0100100011000000
148 0010101100101111

149 0000010011011001
150 0000110100000110
151 0100100011000000
152 0010101100110000

153 0000010000110001
154 0100100010000000
155 0010101100101010

156 0000110000011111
157 0001100000000001
158 0000010111111100 // check
159 0100100011000000
160 0010101100101011

161 0100101011000000
162 0010101100101100


// P2_inc_sent
780 0000010011011001
781 0001100000000001
782 0000100011011001
783 0000110000000000
784 0000100011011010
785  // orJMA  p2_nomatches

//P2_INC_WORD
810 0000010111011100
811 0001100100000001
812 0000100111011100
813 0000010011011001
814 0001100000000001
