78 0000111101000000
79 1000100010011111
80 0000010100011111
81 0000100100011111
82 0000010000111111
83 1100100000000000
84 0010001100000001
85 0001100100000001
86 0011101111000001
119 0000111100000001
120 0110011111000111
121 0000101111011101
122 0000110000011111
123 0001100000000001
124 0000100011011110
125 0000110100000001
126 0110010111001010
127 0000011011011110
128 0000100111011111
129 1100010000000000
130 0000100011111111
131 0100100010000000
132 0010101100000001
133 0001100100000001
134 0010110011111101